[ 0.98913205 -1.3848546 ]
[-0.6783637  -0.75214964]
[2.7788787 1.6373857]
[ 0.6202003  -0.28203747]
[ 1.0094439 -1.443505 ]
[ 0.20032787 -0.84930795]
[-2.6950922  1.6907263]
[-0.1517729  -0.39224538]
[-0.03994963  0.49464148]
[-0.49024683 -0.5927788 ]
[-0.6783637  -0.75214964]
[0.6259144  0.13563924]
[ 0.91479063 -1.1907662 ]
[ 0.19509676 -0.42310616]
[-1.6032519  1.4600964]
[-0.1517729  -0.39224538]
[-0.49024683 -0.5927788 ]
[-0.9915683 -1.1541392]
[ 0.7387066 -1.5727255]
[ 0.6202003  -0.28203747]
[0.6259144  0.13563924]
[ 0.60417986 -0.77943873]
[-0.03994963  0.49464148]
[1.9964454 2.5075285]
[-1.6032519  1.4600964]
[1.9964454 2.5075285]
[2.7788787 1.6373857]
[-0.00863859  0.7502158 ]
[-1.0300252  -0.93287283]
[ 0.91479063 -1.1907662 ]
