[2.7788787 1.6373875]
[-1.7288036  -0.04784778]
[ 0.19509666 -0.42310557]
[ 1.2269468 -1.2583535]
[-0.03994966  0.49464172]
[-2.532497   1.4310181]
[-0.34683308 -0.9092247 ]
[ 0.91479087 -1.1907667 ]
[-1.0281571  -0.37119412]
[-1.0300258 -0.932873 ]
[-0.15177287 -0.39224547]
[-1.5813782   0.77001894]
[ 1.1208696 -1.537337 ]
[ 1.0094446 -1.443506 ]
[-2.532497   1.4310181]
[-2.6950932  1.6907268]
[ 0.738707  -1.5727266]
[-2.6950932  1.6907268]
[-1.7288036  -0.04784778]
[ 0.60418004 -0.779439  ]
[ 0.24080566 -0.9467057 ]
[-0.03994966  0.49464172]
[ 0.8951438 -0.6898965]
[-0.9908142 -0.9812448]
[-0.9974581 -1.1497314]
[-1.6032523  1.4600965]
[-1.0300258 -0.932873 ]
[ 0.60418004 -0.779439  ]
[-2.160922   0.5826877]
[1.9964457 2.507528 ]
[-1.7616646   0.08662474]
[-1.8656403  1.2204396]
[-0.15177287 -0.39224547]
[ 1.8058802 -0.618582 ]
[ 0.60418004 -0.779439  ]
[-1.5813782   0.77001894]
[ 0.98913234 -1.384855  ]
[ 0.5987897 -0.9341696]
[ 0.24080566 -0.9467057 ]
[ 1.0886555 -1.0226021]
[ 1.0094446 -1.443506 ]
[ 1.8058802 -0.618582 ]
[-0.15177287 -0.39224547]
[ 0.6202005 -0.2820372]
[-0.726457  -1.1771275]
[-0.03994966  0.49464172]
[-0.00863872  0.7502158 ]
[ 1.8058802 -0.618582 ]
[-0.00343927  1.3023108 ]
[-0.7541459   0.29812577]
