[2.778879  1.6373851]
[ 0.1950968 -0.423105 ]
[ 1.226947  -1.2583518]
[-0.03994973  0.49463767]
[-2.5324965  1.4310169]
[-0.34683254 -0.9092249 ]
[ 0.91479105 -1.1907648 ]
[-1.0300254  -0.93287367]
[-0.15177305 -0.3922469 ]
[-1.5813785   0.77001584]
[ 1.12087   -1.5373343]
[ 1.009445 -1.443504]
[-2.5324965  1.4310169]
[-2.695094   1.6907251]
[ 0.7387074 -1.5727243]
[-2.695094   1.6907251]
[ 0.6041803  -0.77944005]
[ 0.24080619 -0.9467057 ]
[-0.03994973  0.49463767]
[ 0.8951439  -0.68989545]
[-0.99745774 -1.1497318 ]
[-1.6032534  1.4600964]
[-1.0300254  -0.93287367]
[ 0.6041803  -0.77944005]
[1.9964453 2.5075278]
[-1.8656403  1.220437 ]
[-0.15177305 -0.3922469 ]
[ 1.8058807 -0.6185816]
[ 0.6041803  -0.77944005]
[-1.5813785   0.77001584]
[ 0.9891326 -1.3848531]
[ 0.59879005 -0.93417007]
[ 0.24080619 -0.9467057 ]
[ 1.0886556 -1.0225996]
[ 1.009445 -1.443504]
[ 1.8058807 -0.6185816]
[-0.15177305 -0.3922469 ]
[ 0.6202006  -0.28203613]
[-0.72645646 -1.1771284 ]
[-0.03994973  0.49463767]

