[2.7788794 1.6373849]
[ 0.19509666 -0.42310598]
[ 1.2269467 -1.2583538]
[-0.0399496  0.49464  ]
[-2.532495   1.4310191]
[-0.3468331 -0.9092255]
[ 0.9147904 -1.1907662]
[-1.0300258  -0.93287385]
[-0.15177304 -0.39224622]
[-1.5813779  0.7700188]
[ 1.120869  -1.5373354]
[ 1.009444  -1.4435055]
[-2.532495   1.4310191]
[-2.695092   1.6907274]
[ 0.73870623 -1.5727258 ]
[-2.695092   1.6907274]
[ 0.60418    -0.77944106]
[ 0.24080531 -0.94670635]
[-0.0399496  0.49464  ]
[ 0.8951437  -0.68989706]
[-0.99081427 -0.98124653]
[-0.99745846 -1.1497325 ]
[-1.6032515  1.4600976]
[-1.0300258  -0.93287385]
[ 0.60418    -0.77944106]
[1.9964464 2.5075278]
[-1.7616637  0.0866247]
[-1.8656393  1.2204399]
[-0.15177304 -0.39224622]
[ 1.8058804 -0.6185838]
[ 0.60418    -0.77944106]
[-1.5813779  0.7700188]
[ 0.98913175 -1.384855  ]
[ 0.5987898 -0.9341711]
[ 0.24080531 -0.94670635]
[ 1.0886548 -1.0226024]
[ 1.009444  -1.4435055]
[ 1.8058804 -0.6185838]
[-0.15177304 -0.39224622]
[ 0.6202005  -0.28203663]
[-0.72645736 -1.1771289 ]
[-0.0399496  0.49464  ]
[-0.00863854  0.7502182 ]
[ 1.8058804 -0.6185838]
[-0.00344067  1.3022707 ]

