[2.7788756 1.6373843]
[ 0.19509669 -0.42310557]
[ 1.2269462 -1.2583511]
[-0.03994944  0.4946404 ]
[-2.5324948  1.4310153]
[-0.34683216 -0.90922457]
[ 0.91479033 -1.1907643 ]
[-1.0300244  -0.93287313]
[-0.1517727  -0.39224523]
[-1.5813771   0.77001673]
[ 1.0094442 -1.4435036]
[-2.5324948  1.4310153]
[-2.6950905  1.6907228]
[ 0.73870707 -1.5727237 ]
[-2.6950905  1.6907228]
[ 0.60418  -0.779439]
[-0.03994944  0.4946404 ]
[ 0.8951433 -0.6898953]
[-1.6032515  1.4600959]
[-1.0300244  -0.93287313]
[ 0.60418  -0.779439]
[1.9964433 2.507525 ]
[-1.8656387  1.2204392]
[-0.1517727  -0.39224523]
[ 1.8058801  -0.61858195]
[ 0.60418  -0.779439]
[-1.5813771   0.77001673]
[ 0.9891319 -1.3848525]
[ 0.59878975 -0.9341683 ]
[ 1.0094442 -1.4435036]
[ 1.8058801  -0.61858195]
[-0.1517727  -0.39224523]
[ 0.6201999  -0.28203678]
[-0.7264556 -1.1771276]
[-0.03994944  0.4946404 ]

